[
    {
        "Frame": 1,
        "Timestamp": 0.0,
        "ObjectPosition": {
            "x": 30.0,
            "y": 65.5,
            "z": -120.0
        },
        "ObjectRotation": {
            "x": 0.0,
            "y": 0.0,
            "z": 0.0,
            "w": 1.0
        },
        "LeftCameraPosition": {
            "x": 32.5,
            "y": 118.0999984741211,
            "z": -170.0
        },
        "LeftCameraRotation": {
            "x": 0.41628074645996096,
            "y": 0.0,
            "z": 0.0,
            "w": 0.9092361927032471
        },
        "LeftProjectionMatrix": {
            "e00": 1.299038052558899,
            "e01": 0.0,
            "e02": 0.0,
            "e03": 0.0,
            "e10": 0.0,
            "e11": 1.7320507764816285,
            "e12": 0.0,
            "e13": 0.0,
            "e20": 0.0,
            "e21": 0.0,
            "e22": -1.0006000995635987,
            "e23": -0.6001800298690796,
            "e30": 0.0,
            "e31": 0.0,
            "e32": -1.0,
            "e33": 0.0
        },
        "LeftWorldToCameraMatrix": {
            "e00": 1.0,
            "e01": 0.0,
            "e02": 0.0,
            "e03": -32.5,
            "e10": 0.0,
            "e11": 0.6534206867218018,
            "e12": 0.7569950222969055,
            "e13": 51.520164489746097,
            "e20": 0.0,
            "e21": 0.7569950222969055,
            "e22": -0.6534206867218018,
            "e23": -200.48263549804688,
            "e30": 0.0,
            "e31": 0.0,
            "e32": 0.0,
            "e33": 1.0
        },
        "LeftObjectCameraPosition": {
            "x": -2.5,
            "y": 3.4798169136047365,
            "z": -72.48897552490235
        },
        "LeftObjectScreenPosition": {
            "x": 611.3272094726563,
            "y": 519.9104614257813,
            "z": 72.48896789550781
        },
        "LeftDistance": 72.61549377441406,
        "RightCameraPosition": {
            "x": 62.5,
            "y": 118.0999984741211,
            "z": -170.0
        },
        "RightCameraRotation": {
            "x": 0.41628074645996096,
            "y": 0.0,
            "z": 0.0,
            "w": 0.9092361927032471
        },
        "RightProjectionMatrix": {
            "e00": 1.299038052558899,
            "e01": 0.0,
            "e02": 0.0,
            "e03": 0.0,
            "e10": 0.0,
            "e11": 1.7320507764816285,
            "e12": 0.0,
            "e13": 0.0,
            "e20": 0.0,
            "e21": 0.0,
            "e22": -1.0006000995635987,
            "e23": -0.6001800298690796,
            "e30": 0.0,
            "e31": 0.0,
            "e32": -1.0,
            "e33": 0.0
        },
        "RightWorldToCameraMatrix": {
            "e00": 1.0,
            "e01": 0.0,
            "e02": 0.0,
            "e03": -62.5,
            "e10": 0.0,
            "e11": 0.6534206867218018,
            "e12": 0.7569950222969055,
            "e13": 51.520164489746097,
            "e20": 0.0,
            "e21": 0.7569950222969055,
            "e22": -0.6534206867218018,
            "e23": -200.48263549804688,
            "e30": 0.0,
            "e31": 0.0,
            "e32": 0.0,
            "e33": 1.0
        },
        "RightObjectCameraPosition": {
            "x": -32.5,
            "y": 3.4798169136047365,
            "z": -72.48897552490235
        },
        "RightObjectScreenPosition": {
            "x": 267.2537536621094,
            "y": 519.9104614257813,
            "z": 72.48896789550781
        },
        "RightDistance": 79.5173568725586
    },
    {
        "Frame": 2,
        "Timestamp": 1.00045907497406,
        "ObjectPosition": {
            "x": 34.001808166503909,
            "y": 65.5,
            "z": -120.0
        },
        "ObjectRotation": {
            "x": 0.0,
            "y": 0.0,
            "z": 0.0,
            "w": 1.0
        },
        "LeftCameraPosition": {
            "x": 32.5,
            "y": 118.0999984741211,
            "z": -170.0
        },
        "LeftCameraRotation": {
            "x": 0.41628074645996096,
            "y": 0.0,
            "z": 0.0,
            "w": 0.9092361927032471
        },
        "LeftProjectionMatrix": {
            "e00": 1.299038052558899,
            "e01": 0.0,
            "e02": 0.0,
            "e03": 0.0,
            "e10": 0.0,
            "e11": 1.7320507764816285,
            "e12": 0.0,
            "e13": 0.0,
            "e20": 0.0,
            "e21": 0.0,
            "e22": -1.0006000995635987,
            "e23": -0.6001800298690796,
            "e30": 0.0,
            "e31": 0.0,
            "e32": -1.0,
            "e33": 0.0
        },
        "LeftWorldToCameraMatrix": {
            "e00": 1.0,
            "e01": 0.0,
            "e02": 0.0,
            "e03": -32.5,
            "e10": 0.0,
            "e11": 0.6534206867218018,
            "e12": 0.7569950222969055,
            "e13": 51.520164489746097,
            "e20": 0.0,
            "e21": 0.7569950222969055,
            "e22": -0.6534206867218018,
            "e23": -200.48263549804688,
            "e30": 0.0,
            "e31": 0.0,
            "e32": 0.0,
            "e33": 1.0
        },
        "LeftObjectCameraPosition": {
            "x": 1.5018081665039063,
            "y": 3.4798169136047365,
            "z": -72.48897552490235
        },
        "LeftObjectScreenPosition": {
            "x": 657.2244262695313,
            "y": 519.9104614257813,
            "z": 72.48896789550781
        },
        "LeftDistance": 72.58798217773438,
        "RightCameraPosition": {
            "x": 62.5,
            "y": 118.0999984741211,
            "z": -170.0
        },
        "RightCameraRotation": {
            "x": 0.41628074645996096,
            "y": 0.0,
            "z": 0.0,
            "w": 0.9092361927032471
        },
        "RightProjectionMatrix": {
            "e00": 1.299038052558899,
            "e01": 0.0,
            "e02": 0.0,
            "e03": 0.0,
            "e10": 0.0,
            "e11": 1.7320507764816285,
            "e12": 0.0,
            "e13": 0.0,
            "e20": 0.0,
            "e21": 0.0,
            "e22": -1.0006000995635987,
            "e23": -0.6001800298690796,
            "e30": 0.0,
            "e31": 0.0,
            "e32": -1.0,
            "e33": 0.0
        },
        "RightWorldToCameraMatrix": {
            "e00": 1.0,
            "e01": 0.0,
            "e02": 0.0,
            "e03": -62.5,
            "e10": 0.0,
            "e11": 0.6534206867218018,
            "e12": 0.7569950222969055,
            "e13": 51.520164489746097,
            "e20": 0.0,
            "e21": 0.7569950222969055,
            "e22": -0.6534206867218018,
            "e23": -200.48263549804688,
            "e30": 0.0,
            "e31": 0.0,
            "e32": 0.0,
            "e33": 1.0
        },
        "RightObjectCameraPosition": {
            "x": -28.498191833496095,
            "y": 3.4798169136047365,
            "z": -72.48897552490235
        },
        "RightObjectScreenPosition": {
            "x": 313.1509704589844,
            "y": 519.9104614257813,
            "z": 72.48896789550781
        },
        "RightDistance": 77.96734619140625
    },
    {
        "Frame": 3,
        "Timestamp": 2.0007717609405519,
        "ObjectPosition": {
            "x": 38.00300979614258,
            "y": 65.5,
            "z": -120.0
        },
        "ObjectRotation": {
            "x": 0.0,
            "y": 0.0,
            "z": 0.0,
            "w": 1.0
        },
        "LeftCameraPosition": {
            "x": 32.5,
            "y": 118.0999984741211,
            "z": -170.0
        },
        "LeftCameraRotation": {
            "x": 0.41628074645996096,
            "y": 0.0,
            "z": 0.0,
            "w": 0.9092361927032471
        },
        "LeftProjectionMatrix": {
            "e00": 1.299038052558899,
            "e01": 0.0,
            "e02": 0.0,
            "e03": 0.0,
            "e10": 0.0,
            "e11": 1.7320507764816285,
            "e12": 0.0,
            "e13": 0.0,
            "e20": 0.0,
            "e21": 0.0,
            "e22": -1.0006000995635987,
            "e23": -0.6001800298690796,
            "e30": 0.0,
            "e31": 0.0,
            "e32": -1.0,
            "e33": 0.0
        },
        "LeftWorldToCameraMatrix": {
            "e00": 1.0,
            "e01": 0.0,
            "e02": 0.0,
            "e03": -32.5,
            "e10": 0.0,
            "e11": 0.6534206867218018,
            "e12": 0.7569950222969055,
            "e13": 51.520164489746097,
            "e20": 0.0,
            "e21": 0.7569950222969055,
            "e22": -0.6534206867218018,
            "e23": -200.48263549804688,
            "e30": 0.0,
            "e31": 0.0,
            "e32": 0.0,
            "e33": 1.0
        },
        "LeftObjectCameraPosition": {
            "x": 5.503009796142578,
            "y": 3.4798169136047365,
            "z": -72.48897552490235
        },
        "LeftObjectScreenPosition": {
            "x": 703.1146240234375,
            "y": 519.9104614257813,
            "z": 72.48896789550781
        },
        "LeftDistance": 72.7807846069336,
        "RightCameraPosition": {
            "x": 62.5,
            "y": 118.0999984741211,
            "z": -170.0
        },
        "RightCameraRotation": {
            "x": 0.41628074645996096,
            "y": 0.0,
            "z": 0.0,
            "w": 0.9092361927032471
        },
        "RightProjectionMatrix": {
            "e00": 1.299038052558899,
            "e01": 0.0,
            "e02": 0.0,
            "e03": 0.0,
            "e10": 0.0,
            "e11": 1.7320507764816285,
            "e12": 0.0,
            "e13": 0.0,
            "e20": 0.0,
            "e21": 0.0,
            "e22": -1.0006000995635987,
            "e23": -0.6001800298690796,
            "e30": 0.0,
            "e31": 0.0,
            "e32": -1.0,
            "e33": 0.0
        },
        "RightWorldToCameraMatrix": {
            "e00": 1.0,
            "e01": 0.0,
            "e02": 0.0,
            "e03": -62.5,
            "e10": 0.0,
            "e11": 0.6534206867218018,
            "e12": 0.7569950222969055,
            "e13": 51.520164489746097,
            "e20": 0.0,
            "e21": 0.7569950222969055,
            "e22": -0.6534206867218018,
            "e23": -200.48263549804688,
            "e30": 0.0,
            "e31": 0.0,
            "e32": 0.0,
            "e33": 1.0
        },
        "RightObjectCameraPosition": {
            "x": -24.496990203857423,
            "y": 3.4798169136047365,
            "z": -72.48897552490235
        },
        "RightObjectScreenPosition": {
            "x": 359.04119873046877,
            "y": 519.9104614257813,
            "z": 72.48896789550781
        },
        "RightDistance": 76.59544372558594
    },
    {
        "Frame": 4,
        "Timestamp": 3.00171160697937,
        "ObjectPosition": {
            "x": 42.00673294067383,
            "y": 65.5,
            "z": -120.0
        },
        "ObjectRotation": {
            "x": 0.0,
            "y": 0.0,
            "z": 0.0,
            "w": 1.0
        },
        "LeftCameraPosition": {
            "x": 32.5,
            "y": 118.0999984741211,
            "z": -170.0
        },
        "LeftCameraRotation": {
            "x": 0.41628074645996096,
            "y": 0.0,
            "z": 0.0,
            "w": 0.9092361927032471
        },
        "LeftProjectionMatrix": {
            "e00": 1.299038052558899,
            "e01": 0.0,
            "e02": 0.0,
            "e03": 0.0,
            "e10": 0.0,
            "e11": 1.7320507764816285,
            "e12": 0.0,
            "e13": 0.0,
            "e20": 0.0,
            "e21": 0.0,
            "e22": -1.0006000995635987,
            "e23": -0.6001800298690796,
            "e30": 0.0,
            "e31": 0.0,
            "e32": -1.0,
            "e33": 0.0
        },
        "LeftWorldToCameraMatrix": {
            "e00": 1.0,
            "e01": 0.0,
            "e02": 0.0,
            "e03": -32.5,
            "e10": 0.0,
            "e11": 0.6534206867218018,
            "e12": 0.7569950222969055,
            "e13": 51.520164489746097,
            "e20": 0.0,
            "e21": 0.7569950222969055,
            "e22": -0.6534206867218018,
            "e23": -200.48263549804688,
            "e30": 0.0,
            "e31": 0.0,
            "e32": 0.0,
            "e33": 1.0
        },
        "LeftObjectCameraPosition": {
            "x": 9.506732940673829,
            "y": 3.4798169136047365,
            "z": -72.48897552490235
        },
        "LeftObjectScreenPosition": {
            "x": 749.0338134765625,
            "y": 519.9104614257813,
            "z": 72.48896789550781
        },
        "LeftDistance": 73.19247436523438,
        "RightCameraPosition": {
            "x": 62.5,
            "y": 118.0999984741211,
            "z": -170.0
        },
        "RightCameraRotation": {
            "x": 0.41628074645996096,
            "y": 0.0,
            "z": 0.0,
            "w": 0.9092361927032471
        },
        "RightProjectionMatrix": {
            "e00": 1.299038052558899,
            "e01": 0.0,
            "e02": 0.0,
            "e03": 0.0,
            "e10": 0.0,
            "e11": 1.7320507764816285,
            "e12": 0.0,
            "e13": 0.0,
            "e20": 0.0,
            "e21": 0.0,
            "e22": -1.0006000995635987,
            "e23": -0.6001800298690796,
            "e30": 0.0,
            "e31": 0.0,
            "e32": -1.0,
            "e33": 0.0
        },
        "RightWorldToCameraMatrix": {
            "e00": 1.0,
            "e01": 0.0,
            "e02": 0.0,
            "e03": -62.5,
            "e10": 0.0,
            "e11": 0.6534206867218018,
            "e12": 0.7569950222969055,
            "e13": 51.520164489746097,
            "e20": 0.0,
            "e21": 0.7569950222969055,
            "e22": -0.6534206867218018,
            "e23": -200.48263549804688,
            "e30": 0.0,
            "e31": 0.0,
            "e32": 0.0,
            "e33": 1.0
        },
        "RightObjectCameraPosition": {
            "x": -20.493267059326173,
            "y": 3.4798169136047365,
            "z": -72.48897552490235
        },
        "RightObjectScreenPosition": {
            "x": 404.9603576660156,
            "y": 519.9104614257813,
            "z": 72.48896789550781
        },
        "RightDistance": 75.41043853759766
    },
    {
        "Frame": 5,
        "Timestamp": 4.002901077270508,
        "ObjectPosition": {
            "x": 46.01145935058594,
            "y": 65.5,
            "z": -120.0
        },
        "ObjectRotation": {
            "x": 0.0,
            "y": 0.0,
            "z": 0.0,
            "w": 1.0
        },
        "LeftCameraPosition": {
            "x": 32.5,
            "y": 118.0999984741211,
            "z": -170.0
        },
        "LeftCameraRotation": {
            "x": 0.41628074645996096,
            "y": 0.0,
            "z": 0.0,
            "w": 0.9092361927032471
        },
        "LeftProjectionMatrix": {
            "e00": 1.299038052558899,
            "e01": 0.0,
            "e02": 0.0,
            "e03": 0.0,
            "e10": 0.0,
            "e11": 1.7320507764816285,
            "e12": 0.0,
            "e13": 0.0,
            "e20": 0.0,
            "e21": 0.0,
            "e22": -1.0006000995635987,
            "e23": -0.6001800298690796,
            "e30": 0.0,
            "e31": 0.0,
            "e32": -1.0,
            "e33": 0.0
        },
        "LeftWorldToCameraMatrix": {
            "e00": 1.0,
            "e01": 0.0,
            "e02": 0.0,
            "e03": -32.5,
            "e10": 0.0,
            "e11": 0.6534206867218018,
            "e12": 0.7569950222969055,
            "e13": 51.520164489746097,
            "e20": 0.0,
            "e21": 0.7569950222969055,
            "e22": -0.6534206867218018,
            "e23": -200.48263549804688,
            "e30": 0.0,
            "e31": 0.0,
            "e32": 0.0,
            "e33": 1.0
        },
        "LeftObjectCameraPosition": {
            "x": 13.511459350585938,
            "y": 3.4798169136047365,
            "z": -72.48897552490235
        },
        "LeftObjectScreenPosition": {
            "x": 794.9644775390625,
            "y": 519.9104614257813,
            "z": 72.48896789550781
        },
        "LeftDistance": 73.81950378417969,
        "RightCameraPosition": {
            "x": 62.5,
            "y": 118.0999984741211,
            "z": -170.0
        },
        "RightCameraRotation": {
            "x": 0.41628074645996096,
            "y": 0.0,
            "z": 0.0,
            "w": 0.9092361927032471
        },
        "RightProjectionMatrix": {
            "e00": 1.299038052558899,
            "e01": 0.0,
            "e02": 0.0,
            "e03": 0.0,
            "e10": 0.0,
            "e11": 1.7320507764816285,
            "e12": 0.0,
            "e13": 0.0,
            "e20": 0.0,
            "e21": 0.0,
            "e22": -1.0006000995635987,
            "e23": -0.6001800298690796,
            "e30": 0.0,
            "e31": 0.0,
            "e32": -1.0,
            "e33": 0.0
        },
        "RightWorldToCameraMatrix": {
            "e00": 1.0,
            "e01": 0.0,
            "e02": 0.0,
            "e03": -62.5,
            "e10": 0.0,
            "e11": 0.6534206867218018,
            "e12": 0.7569950222969055,
            "e13": 51.520164489746097,
            "e20": 0.0,
            "e21": 0.7569950222969055,
            "e22": -0.6534206867218018,
            "e23": -200.48263549804688,
            "e30": 0.0,
            "e31": 0.0,
            "e32": 0.0,
            "e33": 1.0
        },
        "RightObjectCameraPosition": {
            "x": -16.488540649414064,
            "y": 3.4798169136047365,
            "z": -72.48897552490235
        },
        "RightObjectScreenPosition": {
            "x": 450.89105224609377,
            "y": 519.9104614257813,
            "z": 72.48896789550781
        },
        "RightDistance": 74.42198181152344
    },
    {
        "Frame": 6,
        "Timestamp": 5.0031514167785648,
        "ObjectPosition": {
            "x": 49.991519927978519,
            "y": 65.5,
            "z": -119.97908782958985
        },
        "ObjectRotation": {
            "x": 0.0,
            "y": 0.0,
            "z": 0.0,
            "w": 1.0
        },
        "LeftCameraPosition": {
            "x": 32.5,
            "y": 118.0999984741211,
            "z": -170.0
        },
        "LeftCameraRotation": {
            "x": 0.41628074645996096,
            "y": 0.0,
            "z": 0.0,
            "w": 0.9092361927032471
        },
        "LeftProjectionMatrix": {
            "e00": 1.299038052558899,
            "e01": 0.0,
            "e02": 0.0,
            "e03": 0.0,
            "e10": 0.0,
            "e11": 1.7320507764816285,
            "e12": 0.0,
            "e13": 0.0,
            "e20": 0.0,
            "e21": 0.0,
            "e22": -1.0006000995635987,
            "e23": -0.6001800298690796,
            "e30": 0.0,
            "e31": 0.0,
            "e32": -1.0,
            "e33": 0.0
        },
        "LeftWorldToCameraMatrix": {
            "e00": 1.0,
            "e01": 0.0,
            "e02": 0.0,
            "e03": -32.5,
            "e10": 0.0,
            "e11": 0.6534206867218018,
            "e12": 0.7569950222969055,
            "e13": 51.520164489746097,
            "e20": 0.0,
            "e21": 0.7569950222969055,
            "e22": -0.6534206867218018,
            "e23": -200.48263549804688,
            "e30": 0.0,
            "e31": 0.0,
            "e32": 0.0,
            "e33": 1.0
        },
        "LeftObjectCameraPosition": {
            "x": 17.491519927978517,
            "y": 3.4956471920013429,
            "z": -72.50263977050781
        },
        "LeftObjectScreenPosition": {
            "x": 840.5744018554688,
            "y": 520.08447265625,
            "z": 72.50262451171875
        },
        "LeftDistance": 74.66461181640625,
        "RightCameraPosition": {
            "x": 62.5,
            "y": 118.0999984741211,
            "z": -170.0
        },
        "RightCameraRotation": {
            "x": 0.41628074645996096,
            "y": 0.0,
            "z": 0.0,
            "w": 0.9092361927032471
        },
        "RightProjectionMatrix": {
            "e00": 1.299038052558899,
            "e01": 0.0,
            "e02": 0.0,
            "e03": 0.0,
            "e10": 0.0,
            "e11": 1.7320507764816285,
            "e12": 0.0,
            "e13": 0.0,
            "e20": 0.0,
            "e21": 0.0,
            "e22": -1.0006000995635987,
            "e23": -0.6001800298690796,
            "e30": 0.0,
            "e31": 0.0,
            "e32": -1.0,
            "e33": 0.0
        },
        "RightWorldToCameraMatrix": {
            "e00": 1.0,
            "e01": 0.0,
            "e02": 0.0,
            "e03": -62.5,
            "e10": 0.0,
            "e11": 0.6534206867218018,
            "e12": 0.7569950222969055,
            "e13": 51.520164489746097,
            "e20": 0.0,
            "e21": 0.7569950222969055,
            "e22": -0.6534206867218018,
            "e23": -200.48263549804688,
            "e30": 0.0,
            "e31": 0.0,
            "e32": 0.0,
            "e33": 1.0
        },
        "RightObjectCameraPosition": {
            "x": -12.508480072021485,
            "y": 3.4956471920013429,
            "z": -72.50263977050781
        },
        "RightObjectScreenPosition": {
            "x": 496.56585693359377,
            "y": 520.08447265625,
            "z": 72.50262451171875
        },
        "RightDistance": 73.65673065185547
    },
    {
        "Frame": 7,
        "Timestamp": 6.003996849060059,
        "ObjectPosition": {
            "x": 49.99258804321289,
            "y": 65.5,
            "z": -115.97569274902344
        },
        "ObjectRotation": {
            "x": 0.0,
            "y": 0.0,
            "z": 0.0,
            "w": 1.0
        },
        "LeftCameraPosition": {
            "x": 32.5,
            "y": 118.0999984741211,
            "z": -170.0
        },
        "LeftCameraRotation": {
            "x": 0.41628074645996096,
            "y": 0.0,
            "z": 0.0,
            "w": 0.9092361927032471
        },
        "LeftProjectionMatrix": {
            "e00": 1.299038052558899,
            "e01": 0.0,
            "e02": 0.0,
            "e03": 0.0,
            "e10": 0.0,
            "e11": 1.7320507764816285,
            "e12": 0.0,
            "e13": 0.0,
            "e20": 0.0,
            "e21": 0.0,
            "e22": -1.0006000995635987,
            "e23": -0.6001800298690796,
            "e30": 0.0,
            "e31": 0.0,
            "e32": -1.0,
            "e33": 0.0
        },
        "LeftWorldToCameraMatrix": {
            "e00": 1.0,
            "e01": 0.0,
            "e02": 0.0,
            "e03": -32.5,
            "e10": 0.0,
            "e11": 0.6534206867218018,
            "e12": 0.7569950222969055,
            "e13": 51.520164489746097,
            "e20": 0.0,
            "e21": 0.7569950222969055,
            "e22": -0.6534206867218018,
            "e23": -200.48263549804688,
            "e30": 0.0,
            "e31": 0.0,
            "e32": 0.0,
            "e33": 1.0
        },
        "LeftObjectCameraPosition": {
            "x": 17.49258804321289,
            "y": 6.52619743347168,
            "z": -75.11854553222656
        },
        "LeftObjectScreenPosition": {
            "x": 833.6015625,
            "y": 552.2296142578125,
            "z": 75.1185302734375
        },
        "LeftDistance": 77.40398406982422,
        "RightCameraPosition": {
            "x": 62.5,
            "y": 118.0999984741211,
            "z": -170.0
        },
        "RightCameraRotation": {
            "x": 0.41628074645996096,
            "y": 0.0,
            "z": 0.0,
            "w": 0.9092361927032471
        },
        "RightProjectionMatrix": {
            "e00": 1.299038052558899,
            "e01": 0.0,
            "e02": 0.0,
            "e03": 0.0,
            "e10": 0.0,
            "e11": 1.7320507764816285,
            "e12": 0.0,
            "e13": 0.0,
            "e20": 0.0,
            "e21": 0.0,
            "e22": -1.0006000995635987,
            "e23": -0.6001800298690796,
            "e30": 0.0,
            "e31": 0.0,
            "e32": -1.0,
            "e33": 0.0
        },
        "RightWorldToCameraMatrix": {
            "e00": 1.0,
            "e01": 0.0,
            "e02": 0.0,
            "e03": -62.5,
            "e10": 0.0,
            "e11": 0.6534206867218018,
            "e12": 0.7569950222969055,
            "e13": 51.520164489746097,
            "e20": 0.0,
            "e21": 0.7569950222969055,
            "e22": -0.6534206867218018,
            "e23": -200.48263549804688,
            "e30": 0.0,
            "e31": 0.0,
            "e32": 0.0,
            "e33": 1.0
        },
        "RightObjectCameraPosition": {
            "x": -12.50741195678711,
            "y": 6.52619743347168,
            "z": -75.11854553222656
        },
        "RightObjectScreenPosition": {
            "x": 501.57257080078127,
            "y": 552.2296142578125,
            "z": 75.1185302734375
        },
        "RightDistance": 76.43180847167969
    },
    {
        "Frame": 8,
        "Timestamp": 7.004634857177734,
        "ObjectPosition": {
            "x": 49.99441909790039,
            "y": 65.5,
            "z": -111.97322082519531
        },
        "ObjectRotation": {
            "x": 0.0,
            "y": 0.0,
            "z": 0.0,
            "w": 1.0
        },
        "LeftCameraPosition": {
            "x": 32.5,
            "y": 118.0999984741211,
            "z": -170.0
        },
        "LeftCameraRotation": {
            "x": 0.41628074645996096,
            "y": 0.0,
            "z": 0.0,
            "w": 0.9092361927032471
        },
        "LeftProjectionMatrix": {
            "e00": 1.299038052558899,
            "e01": 0.0,
            "e02": 0.0,
            "e03": 0.0,
            "e10": 0.0,
            "e11": 1.7320507764816285,
            "e12": 0.0,
            "e13": 0.0,
            "e20": 0.0,
            "e21": 0.0,
            "e22": -1.0006000995635987,
            "e23": -0.6001800298690796,
            "e30": 0.0,
            "e31": 0.0,
            "e32": -1.0,
            "e33": 0.0
        },
        "LeftWorldToCameraMatrix": {
            "e00": 1.0,
            "e01": 0.0,
            "e02": 0.0,
            "e03": -32.5,
            "e10": 0.0,
            "e11": 0.6534206867218018,
            "e12": 0.7569950222969055,
            "e13": 51.520164489746097,
            "e20": 0.0,
            "e21": 0.7569950222969055,
            "e22": -0.6534206867218018,
            "e23": -200.48263549804688,
            "e30": 0.0,
            "e31": 0.0,
            "e32": 0.0,
            "e33": 1.0
        },
        "LeftObjectCameraPosition": {
            "x": 17.49441909790039,
            "y": 9.556048393249512,
            "z": -77.73384094238281
        },
        "LeftObjectScreenPosition": {
            "x": 827.1075439453125,
            "y": 582.2045288085938,
            "z": 77.73382568359375
        },
        "LeftDistance": 80.2491226196289,
        "RightCameraPosition": {
            "x": 62.5,
            "y": 118.0999984741211,
            "z": -170.0
        },
        "RightCameraRotation": {
            "x": 0.41628074645996096,
            "y": 0.0,
            "z": 0.0,
            "w": 0.9092361927032471
        },
        "RightProjectionMatrix": {
            "e00": 1.299038052558899,
            "e01": 0.0,
            "e02": 0.0,
            "e03": 0.0,
            "e10": 0.0,
            "e11": 1.7320507764816285,
            "e12": 0.0,
            "e13": 0.0,
            "e20": 0.0,
            "e21": 0.0,
            "e22": -1.0006000995635987,
            "e23": -0.6001800298690796,
            "e30": 0.0,
            "e31": 0.0,
            "e32": -1.0,
            "e33": 0.0
        },
        "RightWorldToCameraMatrix": {
            "e00": 1.0,
            "e01": 0.0,
            "e02": 0.0,
            "e03": -62.5,
            "e10": 0.0,
            "e11": 0.6534206867218018,
            "e12": 0.7569950222969055,
            "e13": 51.520164489746097,
            "e20": 0.0,
            "e21": 0.7569950222969055,
            "e22": -0.6534206867218018,
            "e23": -200.48263549804688,
            "e30": 0.0,
            "e31": 0.0,
            "e32": 0.0,
            "e33": 1.0
        },
        "RightObjectCameraPosition": {
            "x": -12.50558090209961,
            "y": 9.556048393249512,
            "z": -77.73384094238281
        },
        "RightObjectScreenPosition": {
            "x": 506.24945068359377,
            "y": 582.2045288085938,
            "z": 77.73382568359375
        },
        "RightDistance": 79.3111343383789
    },
    {
        "Frame": 9,
        "Timestamp": 8.005517959594727,
        "ObjectPosition": {
            "x": 49.99622344970703,
            "y": 65.5,
            "z": -107.96975708007813
        },
        "ObjectRotation": {
            "x": 0.0,
            "y": 0.0,
            "z": 0.0,
            "w": 1.0
        },
        "LeftCameraPosition": {
            "x": 32.5,
            "y": 118.0999984741211,
            "z": -170.0
        },
        "LeftCameraRotation": {
            "x": 0.41628074645996096,
            "y": 0.0,
            "z": 0.0,
            "w": 0.9092361927032471
        },
        "LeftProjectionMatrix": {
            "e00": 1.299038052558899,
            "e01": 0.0,
            "e02": 0.0,
            "e03": 0.0,
            "e10": 0.0,
            "e11": 1.7320507764816285,
            "e12": 0.0,
            "e13": 0.0,
            "e20": 0.0,
            "e21": 0.0,
            "e22": -1.0006000995635987,
            "e23": -0.6001800298690796,
            "e30": 0.0,
            "e31": 0.0,
            "e32": -1.0,
            "e33": 0.0
        },
        "LeftWorldToCameraMatrix": {
            "e00": 1.0,
            "e01": 0.0,
            "e02": 0.0,
            "e03": -32.5,
            "e10": 0.0,
            "e11": 0.6534206867218018,
            "e12": 0.7569950222969055,
            "e13": 51.520164489746097,
            "e20": 0.0,
            "e21": 0.7569950222969055,
            "e22": -0.6534206867218018,
            "e23": -200.48263549804688,
            "e30": 0.0,
            "e31": 0.0,
            "e32": 0.0,
            "e33": 1.0
        },
        "LeftObjectCameraPosition": {
            "x": 17.49622344970703,
            "y": 12.586650848388672,
            "z": -80.34979248046875
        },
        "LeftObjectScreenPosition": {
            "x": 821.0345458984375,
            "y": 610.2349243164063,
            "z": 80.34977722167969
        },
        "LeftDistance": 83.19031524658203,
        "RightCameraPosition": {
            "x": 62.5,
            "y": 118.0999984741211,
            "z": -170.0
        },
        "RightCameraRotation": {
            "x": 0.41628074645996096,
            "y": 0.0,
            "z": 0.0,
            "w": 0.9092361927032471
        },
        "RightProjectionMatrix": {
            "e00": 1.299038052558899,
            "e01": 0.0,
            "e02": 0.0,
            "e03": 0.0,
            "e10": 0.0,
            "e11": 1.7320507764816285,
            "e12": 0.0,
            "e13": 0.0,
            "e20": 0.0,
            "e21": 0.0,
            "e22": -1.0006000995635987,
            "e23": -0.6001800298690796,
            "e30": 0.0,
            "e31": 0.0,
            "e32": -1.0,
            "e33": 0.0
        },
        "RightWorldToCameraMatrix": {
            "e00": 1.0,
            "e01": 0.0,
            "e02": 0.0,
            "e03": -62.5,
            "e10": 0.0,
            "e11": 0.6534206867218018,
            "e12": 0.7569950222969055,
            "e13": 51.520164489746097,
            "e20": 0.0,
            "e21": 0.7569950222969055,
            "e22": -0.6534206867218018,
            "e23": -200.48263549804688,
            "e30": 0.0,
            "e31": 0.0,
            "e32": 0.0,
            "e33": 1.0
        },
        "RightObjectCameraPosition": {
            "x": -12.503776550292969,
            "y": 12.586650848388672,
            "z": -80.34979248046875
        },
        "RightObjectScreenPosition": {
            "x": 510.62261962890627,
            "y": 610.2349243164063,
            "z": 80.34977722167969
        },
        "RightDistance": 82.28520965576172
    },
    {
        "Frame": 10,
        "Timestamp": 9.005904197692871,
        "ObjectPosition": {
            "x": 49.998146057128909,
            "y": 65.5,
            "z": -103.96831512451172
        },
        "ObjectRotation": {
            "x": 0.0,
            "y": 0.0,
            "z": 0.0,
            "w": 1.0
        },
        "LeftCameraPosition": {
            "x": 32.5,
            "y": 118.0999984741211,
            "z": -170.0
        },
        "LeftCameraRotation": {
            "x": 0.41628074645996096,
            "y": 0.0,
            "z": 0.0,
            "w": 0.9092361927032471
        },
        "LeftProjectionMatrix": {
            "e00": 1.299038052558899,
            "e01": 0.0,
            "e02": 0.0,
            "e03": 0.0,
            "e10": 0.0,
            "e11": 1.7320507764816285,
            "e12": 0.0,
            "e13": 0.0,
            "e20": 0.0,
            "e21": 0.0,
            "e22": -1.0006000995635987,
            "e23": -0.6001800298690796,
            "e30": 0.0,
            "e31": 0.0,
            "e32": -1.0,
            "e33": 0.0
        },
        "LeftWorldToCameraMatrix": {
            "e00": 1.0,
            "e01": 0.0,
            "e02": 0.0,
            "e03": -32.5,
            "e10": 0.0,
            "e11": 0.6534206867218018,
            "e12": 0.7569950222969055,
            "e13": 51.520164489746097,
            "e20": 0.0,
            "e21": 0.7569950222969055,
            "e22": -0.6534206867218018,
            "e23": -200.48263549804688,
            "e30": 0.0,
            "e31": 0.0,
            "e32": 0.0,
            "e33": 1.0
        },
        "LeftObjectCameraPosition": {
            "x": 17.498146057128908,
            "y": 15.61572265625,
            "z": -82.96441650390625
        },
        "LeftObjectScreenPosition": {
            "x": 815.3485107421875,
            "y": 636.48486328125,
            "z": 82.96440124511719
        },
        "LeftDistance": 86.21559143066406,
        "RightCameraPosition": {
            "x": 62.5,
            "y": 118.0999984741211,
            "z": -170.0
        },
        "RightCameraRotation": {
            "x": 0.41628074645996096,
            "y": 0.0,
            "z": 0.0,
            "w": 0.9092361927032471
        },
        "RightProjectionMatrix": {
            "e00": 1.299038052558899,
            "e01": 0.0,
            "e02": 0.0,
            "e03": 0.0,
            "e10": 0.0,
            "e11": 1.7320507764816285,
            "e12": 0.0,
            "e13": 0.0,
            "e20": 0.0,
            "e21": 0.0,
            "e22": -1.0006000995635987,
            "e23": -0.6001800298690796,
            "e30": 0.0,
            "e31": 0.0,
            "e32": -1.0,
            "e33": 0.0
        },
        "RightWorldToCameraMatrix": {
            "e00": 1.0,
            "e01": 0.0,
            "e02": 0.0,
            "e03": -62.5,
            "e10": 0.0,
            "e11": 0.6534206867218018,
            "e12": 0.7569950222969055,
            "e13": 51.520164489746097,
            "e20": 0.0,
            "e21": 0.7569950222969055,
            "e22": -0.6534206867218018,
            "e23": -200.48263549804688,
            "e30": 0.0,
            "e31": 0.0,
            "e32": 0.0,
            "e33": 1.0
        },
        "RightObjectCameraPosition": {
            "x": -12.501853942871094,
            "y": 15.61572265625,
            "z": -82.96441650390625
        },
        "RightObjectScreenPosition": {
            "x": 514.7191772460938,
            "y": 636.48486328125,
            "z": 82.96440124511719
        },
        "RightDistance": 85.3418960571289
    },
    {
        "Frame": 11,
        "Timestamp": 10.006548881530762,
        "ObjectPosition": {
            "x": 49.956825256347659,
            "y": 65.5,
            "z": -100.00897979736328
        },
        "ObjectRotation": {
            "x": 0.0,
            "y": 0.0,
            "z": 0.0,
            "w": 1.0
        },
        "LeftCameraPosition": {
            "x": 32.5,
            "y": 118.0999984741211,
            "z": -170.0
        },
        "LeftCameraRotation": {
            "x": 0.41628074645996096,
            "y": 0.0,
            "z": 0.0,
            "w": 0.9092361927032471
        },
        "LeftProjectionMatrix": {
            "e00": 1.299038052558899,
            "e01": 0.0,
            "e02": 0.0,
            "e03": 0.0,
            "e10": 0.0,
            "e11": 1.7320507764816285,
            "e12": 0.0,
            "e13": 0.0,
            "e20": 0.0,
            "e21": 0.0,
            "e22": -1.0006000995635987,
            "e23": -0.6001800298690796,
            "e30": 0.0,
            "e31": 0.0,
            "e32": -1.0,
            "e33": 0.0
        },
        "LeftWorldToCameraMatrix": {
            "e00": 1.0,
            "e01": 0.0,
            "e02": 0.0,
            "e03": -32.5,
            "e10": 0.0,
            "e11": 0.6534206867218018,
            "e12": 0.7569950222969055,
            "e13": 51.520164489746097,
            "e20": 0.0,
            "e21": 0.7569950222969055,
            "e22": -0.6534206867218018,
            "e23": -200.48263549804688,
            "e30": 0.0,
            "e31": 0.0,
            "e32": 0.0,
            "e33": 1.0
        },
        "LeftObjectCameraPosition": {
            "x": 17.456825256347658,
            "y": 18.612918853759767,
            "z": -85.55152893066406
        },
        "LeftObjectScreenPosition": {
            "x": 809.644287109375,
            "y": 660.8792724609375,
            "z": 85.551513671875
        },
        "LeftDistance": 89.2762222290039,
        "RightCameraPosition": {
            "x": 62.5,
            "y": 118.0999984741211,
            "z": -170.0
        },
        "RightCameraRotation": {
            "x": 0.41628074645996096,
            "y": 0.0,
            "z": 0.0,
            "w": 0.9092361927032471
        },
        "RightProjectionMatrix": {
            "e00": 1.299038052558899,
            "e01": 0.0,
            "e02": 0.0,
            "e03": 0.0,
            "e10": 0.0,
            "e11": 1.7320507764816285,
            "e12": 0.0,
            "e13": 0.0,
            "e20": 0.0,
            "e21": 0.0,
            "e22": -1.0006000995635987,
            "e23": -0.6001800298690796,
            "e30": 0.0,
            "e31": 0.0,
            "e32": -1.0,
            "e33": 0.0
        },
        "RightWorldToCameraMatrix": {
            "e00": 1.0,
            "e01": 0.0,
            "e02": 0.0,
            "e03": -62.5,
            "e10": 0.0,
            "e11": 0.6534206867218018,
            "e12": 0.7569950222969055,
            "e13": 51.520164489746097,
            "e20": 0.0,
            "e21": 0.7569950222969055,
            "e22": -0.6534206867218018,
            "e23": -200.48263549804688,
            "e30": 0.0,
            "e31": 0.0,
            "e32": 0.0,
            "e33": 1.0
        },
        "RightObjectCameraPosition": {
            "x": -12.543174743652344,
            "y": 18.612918853759767,
            "z": -85.55152893066406
        },
        "RightObjectScreenPosition": {
            "x": 518.106201171875,
